image_width: 640
image_height: 480
camera_name: narrow_stereo/left
camera_matrix:
  rows: 3
  cols: 3
  data: [485.829096, 0.000000, 306.863116, 0.000000, 483.165143, 240.282215, 0.000000, 0.000000, 1.000000]
distortion_model: plumb_bob
distortion_coefficients:
  rows: 1
  cols: 5
  data: [-0.392262, 0.129396, -0.005213, 0.006695, 0.000000]
rectification_matrix:
  rows: 3
  cols: 3
  data: [0.996356, 0.011122, -0.084560, -0.011584, 0.999921, -0.004979, 0.084498, 0.005941, 0.996406]
projection_matrix:
  rows: 3
  cols: 4
  data: [449.726937, 0.000000, 392.370453, 0.000000, 0.000000, 449.726937, 229.725616, 0.000000, 0.000000, 0.000000, 1.000000, 0.000000]


# image_width: 640
# image_height: 480
# camera_name: narrow_stereo/left
# camera_matrix:
#   rows: 3
#   cols: 3
#   data: [498.613736, 0.000000, 308.958891, 0.000000, 498.832776, 235.818068, 0.000000, 0.000000, 1.000000]
# distortion_model: plumb_bob
# distortion_coefficients:
#   rows: 1
#   cols: 5
#   data: [-0.409797, 0.150835, 0.000061, 0.005347, 0.000000]
# rectification_matrix:
#   rows: 3
#   cols: 3
#   data: [0.998761, 0.000563, -0.049767, -0.000657, 0.999998, -0.001877, 0.049765, 0.001907, 0.998759]
# projection_matrix:
#   rows: 3
#   cols: 4
#   data: [450.149947, 0.000000, 354.365788, 0.000000, 0.000000, 450.149947, 235.144211, 0.000000, 0.000000, 0.000000, 1.000000, 0.000000]
